$ 1 0.000005 10.20027730826997 50 5 43
v 448 352 448 80 0 0 40 6 0 0 0.5
f 64 80 64 32 33 1.5 80
f 192 80 192 32 41 1.5 80
r 112 64 112 112 0 100000
w 80 32 112 32 0
w 112 32 112 64 0
w 112 32 176 32 0
w 64 80 64 112 0
w 64 112 112 112 0
w 112 112 192 112 0
w 192 112 192 80 0
w 208 32 448 32 0
w 48 32 -64 32 0
r 112 208 112 112 0 1000
g 112 208 112 288 0
g 448 352 448 368 0
v 384 352 384 272 0 0 40 5 0 0 0.5
w 384 352 448 352 0
s 384 224 336 224 0 1 false
w 384 224 384 272 0
w 336 224 112 112 0
w 288 272 288 368 0
w 288 368 -64 368 0
g -144 352 -144 384 0
r -144 352 -144 272 0 10
w -64 368 -64 272 0
w -64 32 -144 32 0
w -144 32 -144 272 0
w 288 272 336 224 0
d -64 272 -112 272 2 default
w -112 272 -144 272 0
p -144 272 -80 208 1 0
v 512 80 512 352 0 0 40 5 0 0 0.5
w 512 352 448 352 0
S 448 32 496 32 0 1 false 0 2
w 448 80 496 48 0
w 496 16 512 16 0
w 512 16 512 80 0
